
-0.095                    -0.08499999999999999     4.191976831342835E-6
-0.09142857142857143      -0.08499999999999999     2.740394932823602E-5
-0.08785714285714286      -0.08499999999999999     1.5957032174928644E-4
-0.08428571428571428      -0.08499999999999999     4.273062758288456E-5
-0.08071428571428571      -0.08499999999999999     6.259713427255968E-4
-0.07714285714285714      -0.08499999999999999     0.0016890561926761808
-0.07357142857142857      -0.08499999999999999     0.0022969838943671774
-0.07                     -0.08499999999999999     0.002472075975365659
-0.06642857142857142      -0.08499999999999999     0.0020816810682699563
-0.06285714285714286      -0.08499999999999999     0.0014630517570951484
-0.05928571428571428      -0.08499999999999999     8.238665144136747E-4
-0.05571428571428571      -0.08499999999999999     3.1707962405329727E-4
-0.052142857142857144     -0.08499999999999999     1.0822156384455238E-4
-0.04857142857142857      -0.08499999999999999     2.6696764846245315E-5
-0.045                    -0.08499999999999999     6.399495586315107E-6
-0.095                    -0.08142857142857142     2.7667236089770778E-5
-0.09142857142857143      -0.08142857142857142     2.6748131542285144E-5
-0.08785714285714286      -0.08142857142857142     5.058138332140532E-4
-0.08428571428571428      -0.08142857142857142     0.0018445788120071542
-0.08071428571428571      -0.08142857142857142     0.00419168110574587
-0.07714285714285714      -0.08142857142857142     0.004433016125927117
-0.07357142857142857      -0.08142857142857142     0.00911945632110089
-0.07                     -0.08142857142857142     0.010992775876013891
-0.06642857142857142      -0.08142857142857142     0.010787436005933689
-0.06285714285714286      -0.08142857142857142     0.0074792271789066046
-0.05928571428571428      -0.08142857142857142     0.004091726065075721
-0.05571428571428571      -0.08142857142857142     0.0016109342818250746
-0.052142857142857144     -0.08142857142857142     5.396164352203564E-4
-0.04857142857142857      -0.08142857142857142     1.479852351729207E-4
-0.045                    -0.08142857142857142     2.2732890303289444E-5
-0.095                    -0.07785714285714285     1.2004364041796038E-4
-0.09142857142857143      -0.07785714285714285     5.741698494103844E-4
-0.08785714285714286      -0.07785714285714285     0.0021995513585572734
-0.08428571428571428      -0.07785714285714285     0.0066654534404776014
-0.08071428571428571      -0.07785714285714285     0.01427400781906508
-0.07714285714285714      -0.07785714285714285     0.029362521362739313
-0.07357142857142857      -0.07785714285714285     0.0482737526442388
-0.07                     -0.07785714285714285     0.05037294271032935
-0.06642857142857142      -0.07785714285714285     0.04390253335485961
-0.06285714285714286      -0.07785714285714285     0.02912743122326684
-0.05928571428571428      -0.07785714285714285     0.015743909906065702
-0.05571428571428571      -0.07785714285714285     0.006598300083886343
-0.052142857142857144     -0.07785714285714285     0.0021509731363131535
-0.04857142857142857      -0.07785714285714285     5.051586217245774E-4
-0.045                    -0.07785714285714285     1.3494697993477023E-4
-0.095                    -0.07428571428571427     3.3192339253633777E-4
-0.09142857142857143      -0.07428571428571427     0.0017170090697869083
-0.08785714285714286      -0.07428571428571427     0.006531450743040017
-0.08428571428571428      -0.07428571428571427     0.019775667931613686
-0.08071428571428571      -0.07428571428571427     0.04989785581677175
-0.07714285714285714      -0.07428571428571427     0.09090139676782918
-0.07357142857142857      -0.07428571428571427     0.128746757334327
-0.07                     -0.07428571428571427     0.15010215988944242
-0.06642857142857142      -0.07428571428571427     0.1286445890314607
-0.06285714285714286      -0.07428571428571427     0.08973217057920847
-0.05928571428571428      -0.07428571428571427     0.048086279682976726
-0.05571428571428571      -0.07428571428571427     0.020282429491968824
-0.052142857142857144     -0.07428571428571427     0.0066067164411290945
-0.04857142857142857      -0.07428571428571427     0.0018212230635442945
-0.045                    -0.07428571428571427     3.4096523133120326E-4
-0.095                    -0.0707142857142857      7.924855158076866E-4
-0.09142857142857143      -0.0707142857142857      0.0040284900004325394
-0.08785714285714286      -0.0707142857142857      0.015666349225722482
-0.08428571428571428      -0.0707142857142857      0.04821640914669866
-0.08071428571428571      -0.0707142857142857      0.11488449480884477
-0.07714285714285714      -0.0707142857142857      0.21331629967101343
-0.07357142857142857      -0.0707142857142857      0.30787160697542554
-0.07                     -0.0707142857142857      0.3498333554950693
-0.06642857142857142      -0.0707142857142857      0.31628396779199236
-0.06285714285714286      -0.0707142857142857      0.21429745602742908
-0.05928571428571428      -0.0707142857142857      0.11528187612959269
-0.05571428571428571      -0.0707142857142857      0.048453199920387255
-0.052142857142857144     -0.0707142857142857      0.0161089346952984
-0.04857142857142857      -0.0707142857142857      0.003797262837510198
-0.045                    -0.0707142857142857      8.434960945578774E-4
-0.095                    -0.06714285714285713     0.0013732637683985336
-0.09142857142857143      -0.06714285714285713     0.0075069277178954966
-0.08785714285714286      -0.06714285714285713     0.029301169025028093
-0.08428571428571428      -0.06714285714285713     0.0893280517844315
-0.08071428571428571      -0.06714285714285713     0.21427848603583682
-0.07714285714285714      -0.06714285714285713     0.40356083488927913
-0.07357142857142857      -0.06714285714285713     0.5718268900309236
-0.07                     -0.06714285714285713     0.6491880622909187
-0.06642857142857142      -0.06714285714285713     0.5797263720383767
-0.06285714285714286      -0.06714285714285713     0.3948431030480975
-0.05928571428571428      -0.06714285714285713     0.21309625787293524
-0.05571428571428571      -0.06714285714285713     0.08999452950391895
-0.052142857142857144     -0.06714285714285713     0.02898057909826841
-0.04857142857142857      -0.06714285714285713     0.007810162657619905
-0.045                    -0.06714285714285713     0.0015631340276379092
-0.095                    -0.06357142857142856     0.002175535926707684
-0.09142857142857143      -0.06357142857142856     0.01094627850559507
-0.08785714285714286      -0.06357142857142856     0.04253749727910007
-0.08428571428571428      -0.06357142857142856     0.12994146150744829
-0.08071428571428571      -0.06357142857142856     0.3077862004813772
-0.07714285714285714      -0.06357142857142856     0.5864689711923272
-0.07357142857142857      -0.06357142857142856     0.841461605223611
-0.07                     -0.06357142857142856     0.9488799132101281
-0.06642857142857142      -0.06357142857142856     0.8331933124694916
-0.06285714285714286      -0.06357142857142856     0.5764740820573251
-0.05928571428571428      -0.06357142857142856     0.31065494317749176
-0.05571428571428571      -0.06357142857142856     0.13004219468783715
-0.052142857142857144     -0.06357142857142856     0.04079251562037504
-0.04857142857142857      -0.06357142857142856     0.011307261002561613
-0.045                    -0.06357142857142856     0.0024011092601444618
-0.095                    -0.05999999999999999     0.002440313492541514
-0.09142857142857143      -0.05999999999999999     0.012180000798794173
-0.08785714285714286      -0.05999999999999999     0.048223656838951606
-0.08428571428571428      -0.05999999999999999     0.14905127064863788
-0.08071428571428571      -0.05999999999999999     0.3520453207993712
-0.07714285714285714      -0.05999999999999999     0.6542956101898911
-0.07357142857142857      -0.05999999999999999     0.9420714991257543
-0.07                     -0.05999999999999999     1.0593397495732675
-0.06642857142857142      -0.05999999999999999     0.9416350622620119
-0.06285714285714286      -0.05999999999999999     0.6571945729227996
-0.05928571428571428      -0.05999999999999999     0.34414662901413356
-0.05571428571428571      -0.05999999999999999     0.14742086960902928
-0.052142857142857144     -0.05999999999999999     0.05196351662397415
-0.04857142857142857      -0.05999999999999999     0.011531252770280866
-0.045                    -0.05999999999999999     0.003305811215649211
-0.095                    -0.05642857142857142     0.002142988766021367
-0.09142857142857143      -0.05642857142857142     0.010855456877185407
-0.08785714285714286      -0.05642857142857142     0.04232154796790581
-0.08428571428571428      -0.05642857142857142     0.1298553718848254
-0.08071428571428571      -0.05642857142857142     0.31695122147740096
-0.07714285714285714      -0.05642857142857142     0.5685290675422235
-0.07357142857142857      -0.05642857142857142     0.842587851435519
-0.07                     -0.05642857142857142     0.9443422016159458
-0.06642857142857142      -0.05642857142857142     0.8424954336837728
-0.06285714285714286      -0.05642857142857142     0.5732411400515732
-0.05928571428571428      -0.05642857142857142     0.31760991829222995
-0.05571428571428571      -0.05642857142857142     0.13168233357970194
-0.052142857142857144     -0.05642857142857142     0.04254216102180088
-0.04857142857142857      -0.05642857142857142     0.009289522083729226
-0.045                    -0.05642857142857142     0.002339487473359638
-0.095                    -0.052857142857142846    0.0015284355233198888
-0.09142857142857143      -0.052857142857142846    0.007476444764906637
-0.08785714285714286      -0.052857142857142846    0.029195475786826238
-0.08428571428571428      -0.052857142857142846    0.09024331893601763
-0.08071428571428571      -0.052857142857142846    0.21490983340786785
-0.07714285714285714      -0.052857142857142846    0.39834082278865085
-0.07357142857142857      -0.052857142857142846    0.5745231493174754
-0.07                     -0.052857142857142846    0.6597480115912523
-0.06642857142857142      -0.052857142857142846    0.570681079689235
-0.06285714285714286      -0.052857142857142846    0.3828597503921955
-0.05928571428571428      -0.052857142857142846    0.21203540669080845
-0.05571428571428571      -0.052857142857142846    0.09134857878119033
-0.052142857142857144     -0.052857142857142846    0.028961053276804073
-0.04857142857142857      -0.052857142857142846    0.005396874239649113
-0.045                    -0.052857142857142846    0.0016533083569755624
-0.095                    -0.04928571428571427     8.004897569391181E-4
-0.09142857142857143      -0.04928571428571427     0.00402375224126164
-0.08785714285714286      -0.04928571428571427     0.015664735215545754
-0.08428571428571428      -0.04928571428571427     0.048007289117604074
-0.08071428571428571      -0.04928571428571427     0.11421668713194622
-0.07714285714285714      -0.04928571428571427     0.21350975921977722
-0.07357142857142857      -0.04928571428571427     0.311804530165579
-0.07                     -0.04928571428571427     0.34772572544319197
-0.06642857142857142      -0.04928571428571427     0.3147185833077598
-0.06285714285714286      -0.04928571428571427     0.2111378877376808
-0.05928571428571428      -0.04928571428571427     0.12034379623416007
-0.05571428571428571      -0.04928571428571427     0.05124627814872044
-0.052142857142857144     -0.04928571428571427     0.012266798456120685
-0.04857142857142857      -0.04928571428571427     0.003953253745949663
-0.045                    -0.04928571428571427     8.348539076411014E-4
-0.095                    -0.0457142857142857      3.2432884882093994E-4
-0.09142857142857143      -0.0457142857142857      0.0016349458945765368
-0.08785714285714286      -0.0457142857142857      0.006558387220672563
-0.08428571428571428      -0.0457142857142857      0.02018498917800305
-0.08071428571428571      -0.0457142857142857      0.04807431842313505
-0.07714285714285714      -0.0457142857142857      0.08951040480880589
-0.07357142857142857      -0.0457142857142857      0.12975766221293314
-0.07                     -0.0457142857142857      0.1457479283340837
-0.06642857142857142      -0.0457142857142857      0.12986790719990746
-0.06285714285714286      -0.0457142857142857      0.08999012949105936
-0.05928571428571428      -0.0457142857142857      0.049371479276754004
-0.05571428571428571      -0.0457142857142857      0.02124670481917222
-0.052142857142857144     -0.0457142857142857      0.006782744245359417
-0.04857142857142857      -0.0457142857142857      0.001720350338461075
-0.045                    -0.0457142857142857      2.3823299157728733E-4
-0.095                    -0.042142857142857135    1.1481178233383481E-4
-0.09142857142857143      -0.042142857142857135    5.6149453194028E-4
-0.08785714285714286      -0.042142857142857135    0.0021560280890379987
-0.08428571428571428      -0.042142857142857135    0.007327071566070185
-0.08071428571428571      -0.042142857142857135    0.016154514261446748
-0.07714285714285714      -0.042142857142857135    0.029391397234702462
-0.07357142857142857      -0.042142857142857135    0.04266942113476563
-0.07                     -0.042142857142857135    0.04781971479975973
-0.06642857142857142      -0.042142857142857135    0.04426134892910167
-0.06285714285714286      -0.042142857142857135    0.0316087628239576
-0.05928571428571428      -0.042142857142857135    0.014447663334213415
-0.05571428571428571      -0.042142857142857135    0.005679551281475483
-0.052142857142857144     -0.042142857142857135    0.0022427509363057625
-0.04857142857142857      -0.042142857142857135    2.8508364984845895E-4
-0.045                    -0.042142857142857135    1.5684488709962155E-4
-0.095                    -0.03857142857142856     2.9435580635744467E-5
-0.09142857142857143      -0.03857142857142856     1.431472780727915E-4
-0.08785714285714286      -0.03857142857142856     5.401393032096152E-4
-0.08428571428571428      -0.03857142857142856     NaN
-0.08071428571428571      -0.03857142857142856     0.004093685737524603
-0.07714285714285714      -0.03857142857142856     0.007456205466217181
-0.07357142857142857      -0.03857142857142856     0.010819265476062639
-0.07                     -0.03857142857142856     0.012409437248520245
-0.06642857142857142      -0.03857142857142856     0.011271671818541
-0.06285714285714286      -0.03857142857142856     0.0065443392566089265
-0.05928571428571428      -0.03857142857142856     -9.274630746571345E-4
-0.05571428571428571      -0.03857142857142856     0.0016074444251154684
-0.052142857142857144     -0.03857142857142856     5.818024969502158E-4
-0.04857142857142857      -0.03857142857142856     1.673823904543637E-4
-0.045                    -0.03857142857142856     8.096611398517207E-6
-0.095                    -0.03499999999999999     4.929428986889521E-6
-0.09142857142857143      -0.03499999999999999     2.6024485590708194E-5
-0.08785714285714286      -0.03499999999999999     9.51378747429159E-5
-0.08428571428571428      -0.03499999999999999     3.187633043355133E-4
-0.08071428571428571      -0.03499999999999999     8.001168386522131E-4
-0.07714285714285714      -0.03499999999999999     0.0014904657278189074
-0.07357142857142857      -0.03499999999999999     0.0022007859062408916
-0.07                     -0.03499999999999999     0.0023922587673873073
-0.06642857142857142      -0.03499999999999999     0.0016726781761971443
-0.06285714285714286      -0.03499999999999999     0.0015286985088340261
-0.05928571428571428      -0.03499999999999999     9.605827050218573E-4
-0.05571428571428571      -0.03499999999999999     3.9268299426498517E-4
-0.052142857142857144     -0.03499999999999999     2.509144316663526E-5
-0.04857142857142857      -0.03499999999999999     2.826664955884248E-5
-0.045                    -0.03499999999999999     2.7314203960046194E-6
