

-0.07                     0                        0.016072187739504765
-0.0672857142857143       0                        0.03450230289106005
-0.06457142857142857      0                        0.06301029031232123
-0.06185714285714286      0                        0.09252841400426871
-0.05914285714285715      0                        0.15697479317311025
-0.05642857142857143      0                        0.21245436677751708
-0.053714285714285714     0                        0.25008619275294885
-0.051000000000000004     0                        0.25456643059015077
-0.04828571428571429      0                        0.22435404775791806
-0.045571428571428575     0                        0.17338699149577327
-0.04285714285714286      0                        0.11534773267577927
-0.04014285714285715      0                        0.07263326987930505
-0.03742857142857143      0                        0.04109687775194345
-0.03471428571428572      0                        0.019965911262127718
-0.032                    0                        0.008664294720885118
-0.07                     0.00175                  0.022906601639598657
-0.0672857142857143       0.00175                  0.048468725055859314
-0.06457142857142857      0.00175                  0.0901493667220448
-0.06185714285714286      0.00175                  0.1379229940501113
-0.05914285714285715      0.00175                  0.22743080474822697
-0.05642857142857143      0.00175                  0.3090959236526578
-0.053714285714285714     0.00175                  0.36061893033549575
-0.051000000000000004     0.00175                  0.3705483229394124
-0.04828571428571429      0.00175                  0.3267405946016758
-0.045571428571428575     0.00175                  0.25133852923417355
-0.04285714285714286      0.00175                  0.16849729939328661
-0.04014285714285715      0.00175                  0.10661585323967507
-0.03742857142857143      0.00175                  0.05811473593771082
-0.03471428571428572      0.00175                  0.028602286762765442
-0.032                    0.00175                  0.010786379241438503
-0.07                     0.0035                   0.0312984668822065
-0.0672857142857143       0.0035                   0.06537781346030051
-0.06457142857142857      0.0035                   0.12160855131793948
-0.06185714285714286      0.0035                   0.19168965192611664
-0.05914285714285715      0.0035                   0.3101641793039596
-0.05642857142857143      0.0035                   0.4236127871024756
-0.053714285714285714     0.0035                   0.49846159986059213
-0.051000000000000004     0.0035                   0.5040277263158333
-0.04828571428571429      0.0035                   0.4471637796026843
-0.045571428571428575     0.0035                   0.3410218817076839
-0.04285714285714286      0.0035                   0.2279429503801164
-0.04014285714285715      0.0035                   0.1433887947275278
-0.03742857142857143      0.0035                   0.0785545324901893
-0.03471428571428572      0.0035                   0.03945637026066423
-0.032                    0.0035                   0.012127922758926615
-0.07                     0.00525                  0.03892585060737647
-0.0672857142857143       0.00525                  0.0838813060565116
-0.06457142857142857      0.00525                  0.1559666402686945
-0.06185714285714286      0.00525                  0.24977247138949005
-0.05914285714285715      0.00525                  0.3943807944010977
-0.05642857142857143      0.00525                  0.546638221198704
-0.053714285714285714     0.00525                  0.6406578376572747
-0.051000000000000004     0.00525                  0.6548305841348756
-0.04828571428571429      0.00525                  0.5775949885924624
-0.045571428571428575     0.00525                  0.42973336446613847
-0.04285714285714286      0.00525                  0.2928398255933546
-0.04014285714285715      0.00525                  0.18283058657695353
-0.03742857142857143      0.00525                  0.10124547777436058
-0.03471428571428572      0.00525                  0.05157314065707363
-0.032                    0.00525                  0.01467429610388061
-0.07                     0.007                    0.03910599763000904
-0.0672857142857143       0.007                    0.10318077136215781
-0.06457142857142857      0.007                    0.19090732853170228
-0.06185714285714286      0.007                    0.30584377686693276
-0.05914285714285715      0.007                    0.4639690954926975
-0.05642857142857143      0.007                    0.6653351930494648
-0.053714285714285714     0.007                    0.7803508320178713
-0.051000000000000004     0.007                    0.7954405369148286
-0.04828571428571429      0.007                    0.7014904715623518
-0.045571428571428575     0.007                    0.49589278716719803
-0.04285714285714286      0.007                    0.35403959805889385
-0.04014285714285715      0.007                    0.21948168122271747
-0.03742857142857143      0.007                    0.12406565284655899
-0.03471428571428572      0.007                    0.054022728965871035
-0.032                    0.007                    0.01728369116983398
-0.07                     0.00875                  0.04209022465861538
-0.0672857142857143       0.00875                  0.1091352134972054
-0.06457142857142857      0.00875                  0.22548819656547375
-0.06185714285714286      0.00875                  0.35528554449176175
-0.05914285714285715      0.00875                  0.5067336083026026
-0.05642857142857143      0.00875                  0.7619977057896383
-0.053714285714285714     0.00875                  0.8979919044240255
-0.051000000000000004     0.00875                  0.9141982913278377
-0.04828571428571429      0.00875                  0.7975995453478738
-0.045571428571428575     0.00875                  0.5694347383268848
-0.04285714285714286      0.00875                  0.4034545172009542
-0.04014285714285715      0.00875                  0.25061094664954786
-0.03742857142857143      0.00875                  0.14573550253228507
-0.03471428571428572      0.00875                  0.057565418563103495
-0.032                    0.00875                  0.020010479598373387
-0.07                     0.0105                   0.04668644001735141
-0.0672857142857143       0.0105                   0.10873239672702278
-0.06457142857142857      0.0105                   0.25936378495303475
-0.06185714285714286      0.0105                   0.39475084398760657
-0.05914285714285715      0.0105                   0.5467349667447041
-0.05642857142857143      0.0105                   0.8189487749493506
-0.053714285714285714     0.0105                   0.9716583946966548
-0.051000000000000004     0.0105                   0.9888525824120407
-0.04828571428571429      0.0105                   0.8398465923596247
-0.045571428571428575     0.0105                   0.620164954245155
-0.04285714285714286      0.0105                   0.4364799528185521
-0.04014285714285715      0.0105                   0.2704968340842142
-0.03742857142857143      0.0105                   0.16278311348872754
-0.03471428571428572      0.0105                   0.060145800775477154
-0.032                    0.0105                   0.021772131189422634
-0.07                     0.01225                  0.04971756101252693
-0.0672857142857143       0.01225                  0.10950054590906809
-0.06457142857142857      0.01225                  0.24026104979291013
-0.06185714285714286      0.01225                  0.42335459914536555
-0.05914285714285715      0.01225                  0.5740265494483037
-0.05642857142857143      0.01225                  0.8153595588310086
-0.053714285714285714     0.01225                  0.9915724713466605
-0.051000000000000004     0.01225                  1.0045363704177335
-0.04828571428571429      0.01225                  0.8022450006761184
-0.045571428571428575     0.01225                  0.6379494086749038
-0.04285714285714286      0.01225                  0.4461256399388746
-0.04014285714285715      0.01225                  0.27692387113419
-0.03742857142857143      0.01225                  0.16953677754689556
-0.03471428571428572      0.01225                  0.06057212256141534
-0.032                    0.01225                  0.022237821965263714
-0.07                     0.014                    0.044420805975566253
-0.0672857142857143       0.014                    0.10492280580059091
-0.06457142857142857      0.014                    0.2199369167996247
-0.06185714285714286      0.014                    0.43783897286893586
-0.05914285714285715      0.014                    0.568162235368612
-0.05642857142857143      0.014                    0.7383102309004531
-0.053714285714285714     0.014                    0.9510960403948858
-0.051000000000000004     0.014                    0.9483937887206961
-0.04828571428571429      0.014                    0.7766198635413856
-0.045571428571428575     0.014                    0.6201317777434127
-0.04285714285714286      0.014                    0.43241980681347847
-0.04014285714285715      0.014                    0.26838938403933504
-0.03742857142857143      0.014                    0.16721605325645267
-0.03471428571428572      0.014                    0.058487277965354315
-0.032                    0.014                    0.021498943922746174
-0.07                     0.01575                  0.03990381966456853
-0.0672857142857143       0.01575                  0.09499749417698206
-0.06457142857142857      0.01575                  0.1979304093873076
-0.06185714285714286      0.01575                  0.39771455834071645
-0.05914285714285715      0.01575                  0.530445203127442
-0.05642857142857143      0.01575                  0.6529947006846464
-0.053714285714285714     0.01575                  0.8419845554916487
-0.051000000000000004     0.01575                  0.7947654356230306
-0.04828571428571429      0.01575                  0.7163529994621118
-0.045571428571428575     0.01575                  0.5703038654419038
-0.04285714285714286      0.01575                  0.39674312336005585
-0.04014285714285715      0.01575                  0.2463600536557338
-0.03742857142857143      0.01575                  0.15533141214594132
-0.03471428571428572      0.01575                  0.05211954280239463
-0.032                    0.01575                  0.019558662595343397
-0.07                     0.0175                   0.03411640656753433
-0.0672857142857143       0.0175                   0.08126745135004633
-0.06457142857142857      0.0175                   0.16862896940769817
-0.06185714285714286      0.0175                   0.3309177224888283
-0.05914285714285715      0.0175                   0.46520514149429093
-0.05642857142857143      0.0175                   0.5787099683773236
-0.053714285714285714     0.0175                   0.6531911794053629
-0.051000000000000004     0.0175                   0.6878585619322065
-0.04828571428571429      0.0175                   0.6262368787152548
-0.045571428571428575     0.0175                   0.49555587610362806
-0.04285714285714286      0.0175                   0.3443368445347172
-0.04014285714285715      0.0175                   0.21360675012022642
-0.03742857142857143      0.0175                   0.13243554882349357
-0.03471428571428572      0.0175                   0.044284483306796324
-0.032                    0.0175                   0.016621643463474393
-0.07                     0.01925                  0.027388712374089616
-0.0672857142857143       0.01925                  0.06546699483546474
-0.06457142857142857      0.01925                  0.13604546438182577
-0.06185714285714286      0.01925                  0.27046942763458587
-0.05914285714285715      0.01925                  0.3821838514200459
-0.05642857142857143      0.01925                  0.4863101962213019
-0.053714285714285714     0.01925                  0.5571177369017221
-0.051000000000000004     0.01925                  0.5736115158980775
-0.04828571428571429      0.01925                  0.517894471658146
-0.045571428571428575     0.01925                  0.408940078611163
-0.04285714285714286      0.01925                  0.28412955908569737
-0.04014285714285715      0.01925                  0.1756409781980193
-0.03742857142857143      0.01925                  0.10529180593660652
-0.03471428571428572      0.01925                  0.03607591397408915
-0.032                    0.01925                  0.013418363816963763
-0.07                     0.021                    0.01984427636319691
-0.0672857142857143       0.021                    0.04831577126718587
-0.06457142857142857      0.021                    0.10302081882631017
-0.06185714285714286      0.021                    0.19872630990045187
-0.05914285714285715      0.021                    0.29609571993840705
-0.05642857142857143      0.021                    0.38405241604029483
-0.053714285714285714     0.021                    0.442406887880158
-0.051000000000000004     0.021                    0.45136444211674276
-0.04828571428571429      0.021                    0.40540864163473267
-0.045571428571428575     0.021                    0.3190319978260361
-0.04285714285714286      0.021                    0.22146698633395479
-0.04014285714285715      0.021                    0.13620593235439638
-0.03742857142857143      0.021                    0.07883867811363744
-0.03471428571428572      0.021                    0.02855285418164852
-0.032                    0.021                    0.010212199496839382
-0.07                     0.02275                  0.016299169019259454
-0.0672857142857143       0.02275                  0.03734907421943466
-0.06457142857142857      0.02275                  0.07937032607488989
-0.06185714285714286      0.02275                  0.14471421469640802
-0.05914285714285715      0.02275                  0.2179898439225587
-0.05642857142857143      0.02275                  0.28495525134739175
-0.053714285714285714     0.02275                  0.329418296127664
-0.051000000000000004     0.02275                  0.33547763233015204
-0.04828571428571429      0.02275                  0.3001679289089462
-0.045571428571428575     0.02275                  0.2365305308716526
-0.04285714285714286      0.02275                  0.16456447963113996
-0.04014285714285715      0.02275                  0.10050985966741759
-0.03742857142857143      0.02275                  0.05645134971602535
-0.03471428571428572      0.02275                  0.02191343177687351
-0.032                    0.02275                  0.007315678072807138
-0.07                     0.0245                   0.012998913984520768
-0.0672857142857143       0.0245                   0.02905179992052466
-0.06457142857142857      0.0245                   0.05836513224220278
-0.06185714285714286      0.0245                   0.10179144264821112
-0.05914285714285715      0.0245                   0.15269355176417293
-0.05642857142857143      0.0245                   0.20061800421415846
-0.053714285714285714     0.0245                   0.23157005753336177
-0.051000000000000004     0.0245                   0.23623716769203418
-0.04828571428571429      0.0245                   0.21104859151297584
-0.045571428571428575     0.0245                   0.16576009194340552
-0.04285714285714286      0.0245                   0.11512167161462285
-0.04014285714285715      0.0245                   0.07009392028820842
-0.03742857142857143      0.0245                   0.03847968428421042
-0.03471428571428572      0.0245                   0.017352884495731743
-0.032                    0.0245                   0.0050693452101599895
